Some((
    red: 0.4968025,
    green: 0.7332608,
    blue: 1.0,
    alpha: 1.0,
))