Some((
    red: 0.22495157,
    green: 0.4852404,
    blue: 0.7634988,
))